# Frame deltas in milliseconds, measured by this app on an Apple M1 Max at
# 120 Hz over five seconds, with the solver batch pinned at one step - so the
# spread here is the display's own, not the solver's. The median is the refresh
# period; the tails are what a naive estimator latches onto. See the tests in
# pacing.rs.
6.6968
7.9194
7.6071
11.4184
4.6588
8.4184
8.3965
9.2735
7.7224
8.6287
11.9372
4.2303
8.6182
8.0382
9.1962
8.3009
9.2120
14.8855
12.4755
5.5289
2.4875
7.7790
7.6465
5.2210
11.8754
5.9497
8.0219
7.9057
8.2947
8.4203
8.3156
8.5000
8.2751
7.7694
8.6873
8.4678
8.2791
8.1757
8.3967
8.3414
8.0795
8.6502
8.3264
9.2624
9.7797
5.8577
9.1109
8.4104
8.0691
9.0771
15.0444
11.5024
2.8817
12.4009
57.9959
21.4102
53.1014
4.9154
9.5729
18.7180
25.5260
7.9512
6.6807
15.0206
5.4986
18.8375
7.1151
8.4802
9.2622
7.3690
9.1184
7.8964
7.7333
8.5245
8.3412
8.2596
8.9820
8.5397
8.8536
7.3293
8.0657
8.3775
8.1242
8.6975
8.0280
8.3193
8.2744
8.3582
8.1913
9.0623
7.8029
8.2535
8.3529
8.2700
8.4210
8.3734
8.1793
8.3934
8.3823
9.4104
7.3235
8.4346
8.3083
8.4843
8.5183
8.6372
8.6115
7.7751
10.2197
8.5024
11.7585
5.9064
9.8966
6.6990
5.8177
8.2693
8.5743
8.2408
8.0947
9.9117
12.5778
8.2663
5.6471
6.5732
6.2720
8.6382
7.9987
8.8250
8.3615
8.5296
8.1016
8.4613
7.9128
8.7284
8.0459
8.2745
8.2912
8.6778
8.2366
8.6930
7.7656
8.3715
8.6565
8.6236
7.7990
8.4515
8.3884
10.1433
7.1212
8.6249
8.4467
10.3748
7.0619
7.2269
8.2534
7.9401
8.2504
8.4782
8.4248
7.7027
8.2706
8.8244
8.1450
9.0075
15.9748
7.9559
8.1622
8.5308
8.4430
8.0495
8.3408
8.5245
8.2226
8.4693
8.1397
8.5074
8.0505
8.5505
8.2087
8.4284
8.5922
8.6308
7.8526
8.1104
8.6428
8.1200
8.4984
8.0991
9.0819
8.0023
8.2693
8.2345
8.0713
9.0898
8.0217
8.2149
8.5304
9.4365
7.2048
8.6946
8.9447
8.1569
8.8447
13.1626
6.3003
4.3053
7.7766
8.3435
8.8428
8.1061
8.2810
8.7732
7.9068
8.1561
8.6466
7.9897
8.6007
10.6425
5.9292
8.5505
8.6284
7.9232
9.8882
7.7107
7.5287
9.6463
7.2951
8.1701
8.2359
8.6469
10.1218
15.7125
4.2226
11.7398
8.5297
9.2582
6.6285
13.0166
8.4832
5.4669
7.3273
8.1653
7.5467
8.3145
8.3575
8.5350
8.1379
8.3517
8.4558
8.1639
8.3316
8.8492
7.8280
8.4391
8.4948
8.1203
8.5022
8.2590
8.2097
8.1813
8.8845
8.3263
8.0970
8.2470
8.3434
8.4853
11.7813
8.9169
6.3405
5.8068
9.4316
8.9123
7.1199
8.2901
8.1839
8.6770
7.8816
8.3877
8.3196
8.5268
9.0665
7.7372
7.9785
8.5595
8.3760
9.3970
7.2864
8.8276
7.8835
7.7690
8.6369
8.3348
8.4768
8.4058
8.2402
8.1795
8.6486
8.5998
7.9043
8.5176
9.6858
6.4453
8.5356
8.1650
8.5028
8.2177
8.4701
8.3225
8.0085
8.7260
7.9732
8.4525
8.3573
8.4444
8.0904
8.5343
8.4962
9.1384
7.1169
8.3923
8.6405
8.1491
8.2441
8.5934
8.0597
8.2651
8.6219
8.0903
8.6158
8.0202
8.3094
8.6505
8.2545
8.5565
8.1896
8.1578
8.4543
8.3952
8.3199
8.4392
8.9008
8.1931
8.2425
9.0587
8.5872
8.0183
15.8221
2.8864
5.2779
8.4803
9.6577
12.3636
3.2840
8.4280
8.2279
8.3238
8.3908
10.2019
8.0455
11.6382
5.2702
6.1768
8.1466
8.9691
8.8513
7.3924
9.5098
7.8215
7.4121
10.0826
6.6748
9.2455
8.0276
10.0148
7.2179
7.2144
8.6809
8.0195
8.0993
8.3964
8.4363
11.5707
5.0711
10.9634
6.7352
7.3652
10.3945
7.0145
8.0523
8.2876
8.0570
9.6421
6.7561
8.4603
8.2794
8.2970
8.2314
8.4972
8.4335
8.3202
8.3637
8.3975
8.2400
8.4365
8.2512
7.8706
8.5513
8.0105
8.5890
8.3874
8.0735
8.5876
7.9575
8.5436
8.3356
8.3505
8.2288
8.2877
8.5591
8.2010
8.5393
8.2328
8.6223
8.4891
7.5308
8.7560
8.2462
8.0732
8.7817
7.9410
8.3952
8.6360
7.9033
8.6285
8.1738
8.3271
8.6154
7.9918
8.5128
8.4626
8.0614
8.4537
8.3329
8.3912
8.0772
8.3545
8.5685
8.4115
8.2443
8.1955
8.4999
8.0851
8.6757
7.9254
8.7248
8.1987
8.3684
8.3477
8.2673
8.3232
8.4373
10.9915
6.5290
7.8545
8.3198
8.3160
9.9938
6.3858
8.6964
16.6768
19.2161
3.4009
8.4260
4.7382
8.2265
5.3782
9.5691
15.3809
3.5937
8.2218
8.1417
5.7742
8.1535
8.2563
8.1138
8.3670
8.5166
8.5167
8.0050
8.5949
8.1015
8.6818
12.9049
5.0622
10.8660
7.6350
5.2325
8.4023
20.8313
22.8214
2.9411
3.2283
20.4764
2.4384
2.8746
8.6487
8.3368
8.6643
7.6903
7.1809
8.4644
8.4990
7.8881
8.3809
8.7375
8.1526
8.4378
8.1728
8.2273
8.6052
8.1855
8.3337
9.4418
7.5300
8.7086
7.6449
8.4049
8.1563
8.3870
8.4177
7.9992
8.6999
8.0753
8.4744
8.1409
8.6022
8.1926
8.4268
7.9238
9.6610
7.3690
8.1915
8.1259
8.5290
8.2010
8.6173
8.2602
7.8881
8.8139
8.1700
8.3225
8.5981
7.9674
8.4512
8.4632
8.2892
8.1567
8.5172
8.1830
8.5110
8.3649
8.3282
8.1348
8.3241
8.5600
7.9460
8.6390
8.2947
8.2907
8.4363
8.0474
8.4100
8.7861
8.0867
8.3703
8.3702
8.1030
8.5876
8.2616
8.5470
8.4858
8.2103
8.5588
8.3352
8.0863
9.5153
10.8333
4.8813
8.2403
8.4618
8.3350
10.0590
10.3465
5.7913
9.9818
6.3377
7.3807
8.0755
8.3034
8.2946
